20 44.330257 29.969901 1.809504 183.416214 26.006000 0.686763 41.254586 6.007580 1.600252 41.673419 22.808602 0.934915 21.766515 1.178924 0.733404 44.498426 0.400690 0.665072 25.157887 40.596796 0.213978 
44.503853 27.515569 2.863644 163.041725 31.655745 0.817855 46.280224 6.655342 1.425546 43.727197 16.271148 0.195836 26.207533 1.166255 0.863606 62.451755 1.681557 0.699206 27.710111 47.748464 0.243630 
45.538419 35.841295 1.562535 182.378708 18.597669 0.730922 37.373331 5.510597 1.611096 47.916919 21.177241 0.833642 21.473092 0.442807 0.540573 52.531953 1.282500 0.670974 30.335737 47.994782 0.214991 
49.101829 36.804441 2.771585 163.041725 26.922176 0.785782 46.280224 6.867746 1.454939 45.000805 18.802216 0.167859 25.562996 0.427482 0.571492 63.999689 1.810556 0.831632 22.598537 45.189980 0.245391 
42.960772 38.668441 1.673275 172.152529 36.810702 0.774727 35.935895 5.082590 1.290598 44.367517 21.391153 0.814838 7.039148 1.270757 0.690822 48.443662 0.315925 0.904649 18.480099 54.048989 0.206722 
45.152106 35.711239 2.619833 169.879211 27.887663 0.857241 48.624966 5.138795 0.923323 45.830914 62.720420 1.056588 29.264973 1.173267 0.751421 42.948079 0.384583 0.717342 30.008874 46.551996 0.205375 
53.958053 38.337959 2.690859 158.292937 29.584808 0.801819 42.458921 7.080151 1.469635 42.453590 18.079053 0.186510 29.119481 1.214849 0.838452 76.641355 1.655347 0.864008 23.059731 46.112224 0.238244 
47.789563 34.501433 1.330426 171.466867 27.594109 0.894512 36.761512 5.342296 1.632257 51.906050 20.782145 0.836995 33.804182 1.328386 0.750448 64.901846 1.468331 0.801113 28.338396 51.835554 0.174925 
58.331857 28.009091 2.895930 176.223421 23.844234 0.736217 39.608363 6.021770 1.653594 44.898411 37.960324 0.610583 27.618269 1.958711 0.563111 55.848499 1.265916 0.707659 51.713910 15.197298 0.130957 
46.123119 34.310799 2.367926 183.469548 26.754543 0.902898 34.348890 6.117725 1.765789 46.001878 17.682591 1.179571 26.256425 1.257936 0.790557 43.400164 0.422205 0.730876 26.611643 42.032384 0.188945 
42.918776 33.977349 2.420546 171.062881 41.967020 0.858609 40.088311 3.421850 0.847915 42.589318 16.865159 0.822549 23.890651 0.427482 0.571492 63.366028 1.792629 0.762965 27.845741 48.932352 0.193722 
47.199001 30.819527 3.695406 169.879211 29.942544 0.276740 36.841984 5.934635 1.699041 45.938075 19.150175 1.004169 30.706342 1.318413 0.846288 39.096314 0.492099 0.669564 28.310258 53.697501 0.199254 
48.065145 34.310799 2.342735 192.534350 21.525080 0.686240 43.321647 5.732857 1.588168 46.740365 20.588217 0.839749 20.108283 0.463598 0.593124 66.902292 1.675355 0.684812 29.725771 48.811801 0.188945 
50.751614 33.499486 2.365514 169.879211 27.300555 0.950419 35.411227 5.997770 1.681704 43.811312 18.613254 1.102403 28.170956 1.318413 0.829694 41.591823 0.455647 0.656435 28.310258 49.263762 0.203321 
46.029399 36.065758 1.588766 188.901626 24.302510 0.693700 37.129127 6.307959 1.744275 41.673419 22.124344 0.841423 20.242859 1.155346 0.762740 44.943410 0.408703 0.718278 26.498722 47.871962 0.225903 
39.094303 38.095851 1.713333 167.377739 25.985170 0.806109 33.779742 5.235067 1.329316 40.374441 20.749418 0.839283 6.757582 1.169096 0.635556 43.599296 0.284333 0.823231 28.146612 47.434422 0.217314 
44.714273 39.783877 1.605668 152.414993 27.300555 1.006326 34.695849 6.060904 1.872413 44.236665 16.823518 1.113317 26.803433 1.233745 0.743593 43.400164 0.392944 0.737644 25.394609 54.563742 0.200329 
42.684596 34.950322 1.823870 165.615868 26.489736 0.869959 39.096755 5.159571 1.709007 50.025804 19.487539 0.912994 21.954223 0.476446 0.523868 60.314465 1.653860 0.746445 29.568158 46.935113 0.237070 
53.662846 48.005281 2.707869 150.535683 21.547335 0.540748 31.456273 7.087595 1.498925 29.600875 24.866519 0.695739 25.811467 1.632259 0.539149 45.370416 0.346024 0.812255 32.870907 57.295080 0.240884 
48.550651 35.011019 2.519070 158.765618 29.355435 0.931784 35.768916 6.313442 1.733715 42.535255 17.897360 1.091488 27.350442 1.209553 0.782730 45.208504 0.418025 0.676737 28.310258 45.196112 0.205375 
42.684596 35.299825 1.713333 184.996449 25.228320 0.774184 37.958015 5.446214 1.640647 44.253596 20.970287 0.999488 18.640378 0.505322 0.529159 66.151348 1.843364 0.657419 28.146612 47.434422 0.226095 
42.522397 39.412065 1.774686 190.717988 22.682343 0.708618 37.545428 5.392291 1.812583 43.563835 17.816726 0.849080 20.510448 0.459183 0.622198 38.653271 0.415350 0.667128 29.811063 50.960476 0.210985 
43.837523 37.181194 1.690177 181.636179 23.145248 0.745914 41.258712 5.676096 1.726270 45.378995 19.796363 0.933055 20.108283 0.441522 0.581494 68.267645 1.580523 0.705991 27.602836 51.475228 0.213116 
48.438590 35.504430 2.600658 160.258014 24.042101 0.875877 40.561951 5.939686 1.591551 42.878126 17.536682 0.201431 26.256425 1.136134 0.773963 52.726678 0.451760 0.804032 29.159566 42.506944 0.188534 
66.029173 37.452902 1.742278 170.627926 24.080409 0.618988 37.766824 6.818273 1.281811 25.588257 30.205480 0.681683 21.501996 0.374866 0.636750 69.593231 1.370740 0.828165 26.487570 48.634947 0.202967 
45.968026 39.055126 1.539413 185.924731 39.755558 0.705002 37.578435 5.446214 1.862818 47.139700 20.546645 1.037930 19.468839 0.486072 0.481535 62.260093 1.567721 0.684812 16.816890 56.751439 0.204655 
64.708589 40.449135 1.655164 184.278160 25.043626 0.649938 41.165838 7.363735 1.397174 27.379435 32.621918 0.702134 26.544041 1.281182 0.816214 63.557178 1.560379 0.763309 24.898315 50.580345 0.188760 
56.116375 34.504163 2.906128 166.207584 32.247441 0.825873 45.431045 7.150953 1.440242 42.029054 18.079053 0.192106 28.387024 1.102871 0.781478 74.342114 1.754668 0.933128 22.829134 49.340080 0.259686 
42.060400 35.336443 2.299519 171.062881 41.967020 0.798506 43.696259 3.524506 0.813998 41.737532 17.202462 0.863677 22.457212 0.431756 0.548632 63.130579 1.809501 0.699206 24.279335 55.176003 0.274084 
49.036158 33.260468 2.292354 166.703899 31.997424 0.875877 38.988119 6.439711 1.751052 41.684550 18.434280 1.091488 27.897451 1.294222 0.806212 43.400164 0.392944 0.710574 26.611643 46.100035 0.213590 
41.631213 30.579614 2.638395 177.905396 39.448999 0.781334 41.290960 3.113884 0.763124 43.015211 17.877068 0.847226 22.935025 0.406108 0.577207 47.016844 0.443107 0.622598 28.310258 43.388268 0.207428 
42.479612 33.804435 1.518421 145.259095 20.213651 0.611430 37.129127 5.124243 1.664262 51.392128 23.266967 0.908995 33.114300 1.272454 0.832915 66.868568 1.381959 0.733730 30.651735 46.651999 0.194969 
42.489588 34.317122 2.299519 172.773510 44.065371 0.824264 38.484778 3.661380 0.822478 39.182173 16.359204 0.773196 24.368464 0.384733 0.582922 60.831387 1.936040 0.816372 27.010368 44.528440 0.207283 
66.658022 39.769577 1.791588 166.794807 21.789359 0.522648 45.410434 5.398843 1.794233 37.591962 16.109857 0.603014 21.717015 0.404855 0.668588 64.025772 1.233666 0.778475 25.436013 42.467063 0.245903 
42.960772 39.386038 1.627641 170.447391 19.372572 0.745839 40.186378 5.350094 1.505698 44.367517 21.177241 0.877518 22.137208 0.413839 0.529973 58.368837 1.394022 0.670974 28.088646 44.031910 0.214991 
45.676453 31.824511 2.389169 171.578003 25.116510 0.883890 37.535901 6.297658 1.563985 43.811312 20.102314 1.124451 28.452665 1.437070 0.837991 37.632282 0.428309 0.708950 28.593361 47.785850 0.199254 
64.771474 41.700139 1.495729 163.647735 20.959288 0.457940 42.840032 5.680033 1.694553 38.719721 19.510827 0.688222 30.455794 1.221868 0.901237 70.916430 1.576804 0.756040 28.058282 51.432332 0.243444 
39.892146 34.950322 1.842293 176.187094 25.228320 0.798128 37.958015 5.732857 1.709007 48.101735 21.182108 0.961047 20.711531 0.481259 0.529159 64.854263 1.722770 0.684812 28.430921 49.930971 0.219509 
42.442979 33.568565 2.672229 176.674379 27.887663 0.831524 50.083715 5.395735 0.997189 49.497387 57.702786 1.003758 28.537091 1.166255 0.762992 42.089117 0.349971 0.781902 29.108608 47.017516 0.184837 
56.655956 34.887543 2.529408 151.961220 29.880656 0.769746 41.609742 7.575762 1.543117 38.707082 15.971604 1.190595 27.663507 1.214849 0.754607 77.407768 1.489812 0.864008 21.906745 41.962124 0.228714 
48.562248 40.638236 2.448682 155.127079 28.401416 0.769746 39.486796 6.726143 1.601902 49.850365 22.997211 0.899720 21.121740 0.486129 0.543650 64.577438 1.240172 0.831703 22.651439 49.729394 0.227464 
37.994720 28.053438 1.631881 168.709478 36.810702 0.784411 38.207971 5.489197 1.580982 43.302662 16.271148 0.167859 31.157844 1.226998 0.846837 44.547106 0.344578 0.736158 28.485485 51.459470 0.238331 
41.671949 35.574966 1.690008 163.544903 37.915023 1.023105 33.061024 4.828460 1.406752 41.261791 23.102445 0.741502 7.602279 1.169096 0.725363 70.597636 1.772946 0.805607 17.001691 51.887030 0.206722 
56.655956 38.721339 2.529408 170.956372 31.359897 0.721637 40.760564 6.003968 1.543117 41.179982 16.632729 0.199566 31.044656 1.496182 0.865902 59.001678 1.295587 0.748704 24.212718 42.884368 0.257303 
40.419914 29.222331 1.717769 156.212480 36.810702 0.726307 37.095118 5.082590 1.505698 48.570756 30.777590 0.773648 25.789981 1.146173 0.755587 47.390539 0.319053 0.808965 31.302731 50.949970 0.233658 
52.434704 31.860027 2.745786 168.291555 31.997424 0.903830 37.011487 6.681908 1.307447 25.844140 29.299315 0.695317 21.932035 0.401106 0.668588 48.825184 0.434746 0.710574 26.328540 44.292190 0.217697 
52.084506 33.813743 2.709018 155.590305 26.419891 0.875877 38.630430 6.187173 1.560344 38.707082 16.465571 1.102403 26.256425 1.124885 0.751421 49.277269 0.422205 0.737644 29.159566 44.744151 0.184837 
43.819988 39.828495 1.807137 182.481681 36.810702 0.751485 33.779742 5.387545 1.393846 34.480140 25.419108 0.653994 20.788058 1.098022 0.711402 51.834718 0.344359 0.850370 19.219302 58.372908 0.208790 
62.884926 38.611240 1.643658 157.353592 20.751771 0.497760 42.840032 5.623795 1.661327 37.591962 17.899841 0.655450 27.941095 1.186279 0.850223 66.902292 1.642505 0.726961 26.222694 47.185626 0.245903 
47.344525 33.834886 1.605668 172.554370 23.145248 0.805587 37.132840 6.073423 1.674482 40.841095 18.806544 0.933055 20.510448 0.401785 0.523344 66.219616 1.454081 0.649512 27.878864 50.960476 0.204591 
52.661534 34.175912 1.747001 172.825107 20.717466 0.534120 38.366765 6.007580 1.648260 42.506887 22.352430 1.019057 22.854840 1.143556 0.740738 66.706364 1.264253 0.754693 25.419948 50.798843 0.218961 
42.084022 40.155689 1.656374 172.554370 21.756533 0.760832 43.321647 5.108486 1.570906 41.294885 20.786181 0.886402 23.686813 0.446946 0.577671 57.785148 1.296440 0.644135 25.394609 49.416219 0.217378 
65.368881 38.576489 1.811969 167.215367 22.105816 0.625178 35.053538 6.439711 1.716378 39.983139 18.434280 0.982339 28.717964 1.124885 0.821866 68.897298 1.343326 0.761911 25.957818 51.066694 0.204997 
48.312753 36.068352 2.515039 152.891290 25.098897 0.874386 52.514963 5.241571 0.840224 43.081059 62.720420 1.003758 28.972323 1.255396 0.698821 66.902292 1.454081 0.705991 32.109495 47.483036 0.211536 
46.215540 29.027413 2.693526 133.780750 24.881108 0.809177 31.381825 3.868553 1.449170 44.155895 19.942873 0.203508 23.900813 1.164995 0.862812 70.597636 1.827779 0.744807 28.765734 54.645465 0.261395 
44.249595 34.849933 1.446116 183.416214 26.742019 0.728385 36.761512 5.451323 1.600252 51.392128 22.589288 0.899995 34.494063 1.398301 0.824669 65.557420 1.439541 0.748704 28.916731 51.835554 0.182214 
44.181093 33.610578 2.267163 174.245403 25.672338 0.655546 37.557362 6.376576 1.820401 41.684550 17.539412 1.069658 28.170956 1.136980 0.837521 47.921014 0.388763 0.629366 30.291977 42.484346 0.190998 
42.792166 30.236889 2.835291 137.918299 25.650627 0.793311 33.743897 4.072161 1.493989 42.869801 19.942873 0.188433 26.264630 1.088780 0.829626 67.882343 1.827779 0.760007 26.390582 53.053849 0.253781 
39.368793 32.051102 0.962581 146.193397 25.650627 0.729846 40.994656 5.274228 1.845728 44.253596 22.453034 1.018709 22.161338 0.818766 0.529159 61.611550 1.636632 0.732748 28.715230 51.928210 0.199753 
48.214034 34.504470 2.294548 156.288874 29.484599 0.902898 32.578329 6.297658 1.597619 47.316217 16.751929 1.047282 29.297794 1.437070 0.879475 66.219616 1.580523 0.677752 28.982977 46.842457 0.202460 
52.099850 46.607069 2.681058 163.625742 21.547335 0.563279 34.567333 6.750090 1.375161 32.528434 27.629465 0.695739 22.595715 1.016687 0.733404 46.296342 0.372069 0.766278 31.606641 53.051000 0.240884 
55.037214 40.638236 2.556316 161.458796 29.880656 0.745691 38.637618 7.363357 1.572509 52.942124 30.162039 0.765912 24.758381 1.111788 0.785508 79.707009 1.688454 0.786247 23.751523 46.112224 0.245391 
43.249308 10.221972 1.820835 140.591232 37.915023 0.791674 34.127508 4.726808 1.550868 45.656510 27.699831 0.711756 26.305780 1.054479 0.778254 51.181782 0.296720 0.800875 34.119977 51.968970 0.233658 
46.904571 35.895431 1.460577 194.421187 25.672338 0.699249 33.452976 4.960704 1.648260 55.503499 20.330360 0.926995 31.449039 1.117661 0.754607 82.772663 1.705007 0.786247 26.892560 49.762132 0.165815 
62.265277 37.963402 3.047940 188.918700 25.404918 0.779372 29.180216 6.739701 1.266485 32.892939 28.005609 0.819636 21.233775 0.417584 0.657252 62.991816 1.344518 0.707511 28.451754 39.593773 0.203951 
52.169370 34.918867 1.518421 174.588628 20.935545 0.503887 35.292526 6.474571 1.604048 43.302662 16.994310 0.193971 29.119481 1.275592 0.888759 73.575700 1.522919 0.881288 20.984356 43.345491 0.235861 
46.906149 40.155689 1.521159 197.983435 22.450890 0.813046 37.958015 5.732857 1.622694 49.463104 17.816726 0.877072 21.918028 0.476844 0.581494 43.255496 0.487543 0.689257 28.027156 51.726951 0.193155 
49.216387 37.147731 1.632711 176.352150 21.807859 0.503887 32.678265 6.108086 1.542354 51.392128 23.466542 0.890811 21.121740 0.462980 0.604056 70.964217 1.204051 0.770095 25.168266 53.472467 0.212583 
40.343649 31.259161 2.517368 186.458540 43.645701 0.772748 38.885662 3.490287 0.839436 41.737532 16.021901 0.797873 21.740492 0.410382 0.571492 62.098708 1.756777 0.559406 25.618081 47.464381 0.176287 
48.214034 33.834480 2.483789 156.288874 26.208532 0.902898 35.057115 5.817837 1.530350 38.719721 18.973832 0.668559 29.861213 1.199756 0.746724 44.087333 0.492099 0.689257 27.177848 52.712226 0.195188 
41.228313 28.053438 1.803658 151.526106 33.497739 0.762622 40.433678 5.540023 1.565925 50.999293 28.007607 0.696283 26.563680 1.100326 0.740475 51.655687 0.325434 0.881772 34.119977 51.968970 0.254687 
50.536855 43.810645 2.868732 158.716970 20.900915 0.563279 32.147619 7.155096 1.471422 41.261791 22.674622 0.774096 6.476016 1.334295 0.718455 44.907452 0.383231 0.789267 30.026309 55.173040 0.262564 
57.225283 38.611240 1.610785 162.074200 22.204394 0.477850 46.695635 5.342605 1.594873 44.687539 18.240989 1.080354 29.058739 1.150691 0.816214 72.254476 1.741055 0.668805 27.533829 46.241913 0.253280 
42.036711 26.884545 1.683414 143.715482 40.123665 0.675465 14.378068 4.930112 1.355128 47.113633 32.008694 0.812331 23.468882 1.065941 1.184382 45.021012 0.296720 0.865592 33.493922 47.383472 0.228985 
58.903738 30.749111 3.035157 188.810808 23.135990 0.712720 38.816196 6.314089 1.541214 43.450076 33.866563 0.570262 25.811467 1.922439 0.581083 56.406984 1.213713 0.714211 47.981979 15.197298 0.128414 
54.497634 34.504163 2.448682 124.126469 25.394121 0.737779 30.369508 4.397933 1.479050 38.582821 17.948586 0.169590 26.527276 1.186770 0.904293 76.641355 1.605687 0.829447 22.598537 48.417835 0.250156 
54.774985 38.204457 1.513706 158.516073 19.178847 0.790589 40.186378 5.778102 1.626153 47.029568 19.271289 0.956494 21.314780 0.441522 0.575679 70.998351 1.659549 0.762471 29.493078 40.509357 0.202092 
67.349756 36.703844 1.777124 156.977692 23.357997 0.563279 35.878483 7.159187 1.192084 51.949873 23.088498 1.037930 22.161338 0.452384 0.497410 70.042604 1.567721 0.725900 25.428067 51.553044 0.217175 
45.787618 29.329782 2.806938 133.780750 26.933158 0.801244 31.719264 4.397933 1.404350 45.013291 19.743445 0.175243 27.315215 1.143219 0.887700 57.029426 1.792629 0.831632 27.010368 87.858037 0.187911 
52.781679 33.499486 2.294548 163.084042 27.573560 1.007445 38.244125 6.297658 1.715338 46.878104 19.543917 1.080354 30.424632 1.437070 0.879475 39.512232 0.492099 0.669564 26.045438 45.322661 0.199254 
45.064715 31.598934 2.323724 179.616025 43.226031 0.789920 41.691843 3.387632 0.856394 43.015211 16.696507 0.814324 26.789922 1.093364 0.788145 68.977219 1.605687 0.907208 30.351857 45.017763 0.199534 
58.740827 39.961476 3.312978 151.311557 20.838816 0.599441 32.066171 6.948145 1.407206 34.992488 30.775394 0.751960 22.832016 0.383105 0.706723 63.628097 1.400539 0.729393 30.593283 39.993710 0.188843 
57.188095 30.444664 2.784548 179.819818 23.608153 0.783209 39.608363 5.846379 1.605431 48.277862 37.216004 0.576022 25.811467 1.813621 0.599055 55.848499 1.305068 0.655240 53.313310 14.754658 0.127142 
48.452861 48.937423 2.439763 152.171940 22.840175 0.602709 49.597465 5.498511 0.969489 47.205841 68.365258 1.130549 27.509075 1.126336 0.736392 45.524963 0.415350 0.717342 29.708785 45.155436 0.209482 
67.915721 35.136228 1.610785 154.206520 21.789359 0.472872 40.698031 5.961222 1.677940 44.471415 18.806544 0.849080 21.113697 0.450353 0.529159 70.998351 1.596328 0.684812 27.533829 48.129338 0.250821 
58.331857 31.053558 3.035157 169.030628 25.024642 0.775377 39.212279 6.138698 1.589377 49.726198 39.076804 0.570262 24.629329 1.098022 0.748072 56.965469 1.252865 0.655240 51.180777 15.492391 0.133499 
46.906149 36.437570 1.538061 181.636179 22.450890 0.745914 41.258712 5.108486 1.881634 36.088284 17.004849 0.655450 25.705808 1.198142 0.926743 68.909361 1.543954 0.748770 26.222694 48.901466 0.213116 
55.319260 32.494501 2.128962 183.469548 25.389516 0.893394 34.703003 5.817837 1.664887 45.563765 17.682591 1.124451 27.325827 1.410702 0.854584 42.423660 0.446534 0.656435 29.159566 50.249038 0.182989 
44.249064 33.568565 2.698428 156.288874 29.282046 0.925820 36.295699 6.075081 1.278899 32.528434 24.866519 0.751398 23.499544 1.057354 0.748072 42.592635 0.338583 0.743290 33.186973 48.276410 0.245702 
29.847536 29.027413 2.778585 142.055848 23.855083 0.753646 32.394142 3.664945 1.628448 43.298499 18.148015 0.175243 26.527276 1.186770 0.796441 71.955283 1.681557 0.767607 28.765734 52.523311 0.233479 
45.359696 27.817938 2.835291 142.055848 24.368096 0.729846 30.369508 3.990717 1.628448 44.584593 20.541160 0.182780 27.840507 1.056117 0.887700 46.021479 0.315925 0.977021 27.974016 57.828696 0.238555 
43.886954 29.070804 1.809504 186.458540 38.609658 0.892953 38.885662 3.353413 0.847915 41.311639 15.684598 0.880128 30.962283 0.453131 0.605782 67.801650 1.720924 0.740076 29.238028 46.975058 0.193722 
36.700774 37.047341 1.989677 160.330255 23.210054 0.734277 32.056703 4.438655 1.344590 39.011519 17.948586 0.188433 25.739337 1.186770 0.837923 72.634107 1.974001 0.813207 25.862770 48.809541 0.230941 
58.153419 43.158394 3.246719 164.929597 22.505921 0.587453 30.783524 6.739701 1.336846 38.141812 30.467641 0.721881 21.005455 0.402260 0.678454 62.355535 1.386534 0.714805 27.839888 39.993710 0.186955 
43.886954 31.768095 1.737123 199.923673 27.566360 0.693630 33.005048 6.169166 1.573201 49.850365 25.343866 1.422181 21.755392 0.430571 0.628218 46.278363 0.380655 0.704976 23.396835 41.814700 0.201139 
51.057853 46.607069 2.761490 170.170772 19.823549 0.552014 32.838966 7.155096 1.443919 23.888882 30.116117 0.695739 23.725501 0.976019 0.792077 47.685233 0.379510 0.804592 31.290575 48.276410 0.248111 
39.485274 31.259161 2.178492 199.923673 26.526120 0.631822 38.366765 6.187807 1.488235 44.590558 23.720946 0.934915 23.507836 1.108189 0.696734 40.048584 0.364628 0.651770 24.654729 41.814700 0.224677 
44.181093 35.011019 2.443498 157.177961 29.648989 0.913148 14.293259 6.124039 1.820401 46.363428 17.539412 1.178807 27.076938 1.112789 0.806212 64.633349 1.828482 0.740076 26.731911 51.378969 0.182099 
39.892146 37.047341 1.989677 249.128551 23.966904 0.734277 36.819274 5.732857 1.555197 25.588257 32.621918 0.824223 21.932035 0.367368 0.585810 72.376960 1.398155 0.778475 25.587829 49.431661 0.221704 
35.690290 28.771105 1.737123 59.316804 27.566360 0.707366 37.958015 5.449052 1.760795 42.656255 18.608581 0.923724 20.108283 0.463598 0.564049 66.902292 1.469887 0.635392 25.661045 43.032604 0.213978 
